595972498306
595984522778
595971993067
595983293833
595985501422
595982225298
595981174684
595981881126
595982098855
595984140071
595982742929
595984433228
595984182762
595986939989
595984261607
595994310288
595981881372
595991894409
595991411481
595972239171
595991166005
595971996031
595992926292
595986667061
595981417720
595983212914
595982277176
595984307480
595985988307
595974240340
595971859221
595984118457
595984707021
595991459662
595976311919
595976481435
595985575283
595994769519
595974145505
595994838929
595984151784
595974201679
595985809262
595986640701
595991849627
595982219545
595982723186
595982626130
595984315704
595981471807
595992645356
595985624746
595984635372
595994407006
595993572402
595992288081
595991800101
595981488667
595994608178
595985133892
595994251085
595992394666
595972492554
595981795838
595983260798
595976650595
595961610789
595983486453
595985765228
595991649522
595986307251
595983804591
595986908735
595982106083
595981937993
595983606314
595982885268
595986605289
595975529591
595986556701
595994135426
595983685904
595991843111
595981707665
595985503858
595985875151
595984277412
595982634277
595986907799
595972257130
595981344370
595982334368
595986655834
595982670314
595974251815
595986621324
595994452638
595991403012
595984847500
595993549063
595984380376
595983770528
595994992829
595981394829
595971318098
595971897070
595981992170
595992442152
595971512558
595983725974
595985585879
595985152045
595975961833
595982198633
595984742360
595981202178
595971525402
595992551488
595983396372
595984452430
595984193423
595992267276
595981002877
595972505199
595976997652
595994989777
595992524195
595983404110
595985363437
595984709256
595986641000
595986934788
595993409041
595981960822
595991332030
595984272430
595984956729
595983333107
595981457687
595971850686
595991446061
595991688031
595985215944
595994352139
595982915744
595983899952
595991499015
595981846300
595994627253
595985852041
595984442529
595981129519
595983752259
595985509399
595971696444
595972795988
595991620005
595985111836
595985649743
595986317517
595981090881
595992499698
595981851268
595982958931
595986622866
595983447687
595994202285
595984245204
595985297648
595985709424
595985469345
595981312402
595982316721
595972281391
595985688529
595984710321
595994777800
595991718297
595972509977
595972196887
595986106602
595962328580
595986401626
595991496919
595986194477
595981491659
595983223922
595981824361
595992956167
595981135972
595994156795
595991270860
595984370947
595984523005
595985434332
595981337714
595986825703
595986419125
595984507100
595983227171
595992746508
595981777735
595986825703
595972342360
595982240545
595985671428
595985589802
595984584885
595975906510
595985678072
595986635906
595985891811
595982471583
595984908619
595976511422
595983627517
595992993308
595991891837
595992881063
595981939847
595993534662
595984824889
595986976527
595992890190
595991363959
595986871536
595992819803
595992749059
595982698388
595991598309
595984599354
595981226478
595983094889
595981295459
595982039354
595981205254
595992599137
595992345778
595986255002
595986246552
595986198193
595975358921
595986700401
595992302749
595992724334
595981561307
595994917112
595983017322
595984998864
595984094306
595991662059
595982867912
595972559613
595983290688
595974270108
595974146771
595972512402
595991656273
595976227772
595981973881
595985794855
595972239436
595984100142
595975530833
595994629218
595981890257
595982581240
595982770783
595992312603
595984361462
595971340278
595976519276
595985126492
595984796391
595984238426
595981694187
595986177965
595991693618
595981963072
595994351948
595981987539
595985522290
595984023666
595982235478
595983425186
595981805220
595992993532
595984935663
595983640961
595981950271
595984023745
595974210602
595985897410
595982509677
595985314056
595984563643
595976658335
595985963240
595981711008
595981507765
595981665393
595991410671
595974202379
595991293828
595986441508
595984827228
595976110118
595994316353
595983808709
595982150708
595985587805
595972970616
595981421872
595986566676
595983419137
595983875515
595971634171
595991531930
595981305071
595981729138
595991431583
595994203034
595981571070
595985895188
595994396150
595981486432
595981197897
595984316572
595972851405
595984549593
595981250510
595981533582
595984169449
595986625808
595987231872
595982475061
595981415603
595982942193
595976226532
595992229773
595962340344
595981877464
595971372025
595984594788
595984232422
595981847660
595981206065
595986426518
595984777199
595976426676
595974222155
595984697343
595983179200
595975138205
595992767076
595981399749
595972834443
595986415660
595984302081
595983024097
595982598061
595983351024
595991773620
595983266132
595984100345
595981483368
595982338404
595975349972
595986423704
595984533351
595984584766
595982147778
595971371191
595981216347
595985714765
595981222670
595984783725
595983775582
595981637423
595985401020
595991753009
595972277990
595984530282
595983633627
595981530064
595983552885
595984039888
595992686705
595976528975
595972512223
595981559563
595986202054
595972723927
595986833427
595981482168
595971629417
595984421590
595991943964
595971185731
595971911331
595983421869
595981139099
595981773566
595982328004
595994134972
595981232650
595981577328
595983347388
595971227009
595972289549
595982668413
595982314889
595982681937
595984813517
595994111661
595982192804
595992534620
595986443423
595986798344
595961903119
595981990181
595971198535
595972429047
595971971718
595982238327
595984485910
595985755591
595994745215
595991688321
595984522787
595991634775
595994728955
595982112599
595982187932
595983595881
595971255510
595982036802
595972571147
595982695874
595984283890
595985366281
595971655161
595976539983
595971295303
595991387293
595983156592
595983462521
595982549139
595981281403
595971352874
595985508157
595961695215
595986963444
595985623232
595974462272
595971224831
595981176979
595982343389
595992813188
595981494807
595986692428
595991195455
595976225398
595971580714
595972625069
595985171479
595982782703
595986605389
595971633319
595972161824
595994400739
595983780478
595971699199
595983642996
595981992009
595984180855
595994711753
595986373130
595991387628
595971919480
595971128690
595972279326
595991865136
595985133181
595986417881
595974218353
595983599333
595961797776
595982428574
595984802501
595993383119
595986236451
595994658004
595981373747
595972563031
595976545966
595982186599
595984393953
595976985061
595992449340
595992926157
595991537071
595971175297
595985216158
595983593341
595993540965
595983575626
595983100197
595985378202
595983168302
595982583899
595982889114
595991402728
595986625286
595981538504
595981607440
595984561139
595981623385
595991855486
595982600216
595972200094
595986557969
595986276133
595961821875
595971233352
595984198899
595986375911
595985843043
595993373399
595972378977
595972477758
595971926204
595986422945
595976154010
595986899992
595971265141
595971708592
595983465191
595986176071
595982179277
595985358795
595972466854
595981865237
595982382389
595982294618
595992285784
595971747464
595981775159
595981448083
595971551297
595994196548
595982832522
595984341665
595991852682
595981300622
595982289440
595991356876
595981685842
595991674431
595972295081
595972984601
595972102037
595986375888
595972852766
595985438771
595985878100
595986866072
595972107515
595992804928
595991202492
595994720608
595994501912
595983597082
595985112357
595985299426
595983116114
595994988631
595991512224
595984134480
595991681721
595991622574
595982718451
595986932898
595981345709
595976893356
595986492223
595971759659
595983592932
595984156681
595983618260
595982651479
595981905129
595985785116
595971276454
595982835500
595972993335
595985791590
595994255827
595983482557
595981081605
595984752117
595991445272
595981396937
595985459998
595981242855
595981685337
595991735229
595983990503
595985715129
595992402853
595971779301
595984890785
595982403854
595994742260
595981479362
595971903414
595981941913
595982771815
595972133360
595993576415
595983970219
595981745450
595976972117
595971331481
595986374237
595984309937
595983530128
595991737110
595976195643
595983460945
595994446982
595981175527
595991429904
595981141120
595993584368
595984674854
595983268958
595982867901
595986418544
595983483993
595993258670
595985134933
595982940897
595982877048
595971502475
595986936450
595986379239
595984657397
595982158098
595972950161
595994257994
595991200664
595985924875
595991195070
595991836815
595981444860
595985390181
595994745375
595992036301
595992623177
595984037772
595971626086
595982712283
595971958133
595981712899
595991188273
595984622988
595981207835
595983938556
595992768666
595981706932
595981108385
595985779237
595984282175
595986208035
595971716122
595972397921
595975297661
595986267207
595992585471
595985622291
595972607522
595976484183
595981497197
595991881793
595976751968
595971350410
595972437845
595984098613
595985297785
595971627525
595994465072
595961588663
595992448214
595984841795
595981401318
595973996585
595984728201
595976560450
595972479808
595986332914
595982521972
595992222307
595982465403
595983895657
595976811450
595972622308
595993374780
595984186313
595983116956
595983928851
595974244295
595981715281
595986941769
595962333758
595992637786
595994246899
595975622699
595972375651
595971170496
595971968945
595986607628
595974277807
595986539721
595971820119
595985565270
595984322364
595976302522
595971178626
595971670601
595991666284
595984671178
595984102940
595994102514
595971257637
595986538171
595981935017
595975964349
595985960774
595991209770
595981645587
595985477179
595982349834
595984943983
595984138903
595984671238
595974226075
595981247649
595981876394
595981981417
595976573451
595981201688
595982558448
595972720745
595986899033
595972843657
595994116009
595971234323
595983549995
595971557306
595992651623
595985659730
595994820310
595982666055
595991879166
595982869884
595984970057
595992723111
595986911282
595986619236
595984115821
595986290415
595981252511
595984353415
595981925756
595972964881
595971420273
595982655668
595984702323
595984686050
595986922418
595984985576
595991950031
595982070287
595992589543
595992673301
595982805388
595991525006
595984138473
595994258178
595971646025
595971222042
595986361536
595971333645
595994134458
595992973803
595982238930
595986765985
595972399714
595972982838
595981671742
595984356167
595985930414
595983816023
595994100126
595983707799
595991225006
595972391660
595992920980
595993422275
595975374106
595985564397
595992546475
595982873287
595984483707
595993321068
595981074313
595984974079
595986606975
595986633123
595971752704
595985335666
595971170462
595981424171
595981145661
595982323464
595981118688
595981342112
595983663525
595992209590
595994309260
595982758183
595986882870
595984322916
595984465496
595973636878
595971628055
595983385381
595986656878
595981675301
595983224662
595993386763
595985111575
595981187316
595971244404
595981802346
595981114816
595982407393
595992294840
595972968520
595994372041
595981458568
595985796536
595985334813
595981279998
595991544744
595982117497
595981557777
595982041524
595976990592
595971148943
595984709443
595972278421
595986404400
595983286989
595971566903
595982233885
595982475734
595981236015
595971535597
595984104367
595981208810
595981937075
595961849329
595981618853
595981232903
595983584122
595974804392
595981545315
595981223487
595986453996
595986117692
595971228369
595971998890
595992353139
595982418305
595986453363
595983751242
595985377640
595992402910
595985794132
595986218885
595986608733
595981627286
595984800099
595983543979
595981291666
595982127207
595992911840
595982985409
595983168445
595991310883
595984341495
595983535508
595992752216
595983748739
595992283561
595981371401
595982185968
595984422815
595984774605
595983226898
595992290705
595984614936
595973214562
595991600225
595972641133
595985156743
595991278222
595991850060
595984681047
595981110565
595983334789
595991937119
595984633157
595992336605
595985350714
595984180915
595985756192
595992770217
595984592959
595994673488
595981338818
595991302643
595984654804
595976524840
595971741724
595972910478
595961371202
595986418785
595981269957
595986163050
595985453678
595982508148
595985197597
595983727427
595982558417
595984377913
595984025340
595981873982
595981731489
595986410851
595983231004
595982316792
595986333198
595983777080
595974104827
595991670744
595993574186
595982289070
595981096996
595985563892
595981506375
595991459273
595982844211
595981115163
595981958782
595984325089
595991928541
595984475042
595971423855
595982391564
595982534211
595983288955
595993585295
595994446454
595984867295
595984272813
595971600858
595984849644
595982354318
595981822781
595981953319
595971544967
595972471848
595971397307
595981942283
595986894902
595986897614
595986331870
595981926801
595982521540
595991822032
595985232855
595976446239
595981849589
595984613484
595992373372
595972909678
595985659189
595994443290
595971915672
595971106018
595972285671
595992926088
595981214609
595971168754
595984259577
595985908295
595976533421
595985868944
595981594829
595972606030
595972568896
595972126909
595972336618
595971123679
595992381270
595985955472
595992238057
595994786422
595981813850
595992816478
595971923850
595971779577
595982104815
595981818179
595983008800
595985972903
595994946773
595982586333
595991664057
595985916168
595991379745
595986824482
595986260796
595994129696
595995630000
595972771200
595971261536
595961852360
595981135349
595991438687
595981256726
595981461171
595982000315
595971189477
595981652775
595987317170
595972520398
595985866938
595982564866
595991977399
595982397227
595991930849
595972686128
595984556237
595971117111
595985659550
595982935161
595983151541
595982586340
595981868785
595982837195
595981625885
595981865364
595972674216
595981420892
595992531448
595983567743
595984469953
595983339212
595985292364
595992464550
595971547625
595992531240
595976685109
595985761861
595981769577
595991704509
595982661144
595982821112
595972155243
595994159631
595984420361
595981532449
595981974776
595981722706
595971241302
595981858889
595994548279
595984686556
595981514267
595976458470
595972256024
595972782730
595995679715
595991965451
595972497335
595991450611
595992266070
595985236887
595992485826
595986707841
595972836501
595991614139
595981010552
595986416357
595972245447
595986743703
595994833107
595971192969
595982624631
595991918010
595982886829
595982259016
595985944590
595981303144
595983531386
595971205727
595982073875
595974290693
595994266515
595984613002
595986888218
595982761804
595991740240
595991187954
595986366322
595981322152
595982774976
595984232278
595994161105
595981680480
595984385039
595981879651
595981426359
595984808435
595975289150
595972461177
595986723675
595971673911
595994287937
595971602662
595971917243
595972734630
595984257510
595994835721
595986245875
595985548399
595981449610
595961991152
595976543898
595985727246
595982083364
595982538863
595981806944
595994466177
595992206209
595993387778
595986967314
595991205794
595994240648
595961748155
595983136181
595961898624
595986421154
595986723534
595984229337
595991384760
595982444085
595975920951
595972286544
595984246000
595983831197
595991937255
595981617791
595981217428
595972401097
595985308970
595981398062
595984344385
595983364782
595985393148
595981889996
595986608552
595981813144
595982945199
595986552236
595986976520
595981866597
595982432941
595984229584
595971323241
595986202691
595981626740
595986472623
595971703444
595981440504
595984877956
595991458637
595972806458
595983303739
595984519471
595991586689
595985297790
595994199600
595974980663
595991807293
595981757203
595984370319
595991503447
595992804577
595992234576
595986342601
595982715612
595991349451
595976511063
595981978749
595982115223
595992949406
595961943023
595992977690
595971512469
595972234066
595972121528
595971526632
595961477866
595983634066
595976480001
595993576040
595982489840
595985371564
595991731755
595991853106
595981328041
595991191292
595984686348
595981908699
595962225141
595983972411
595985472513
595993492105
595984991826
595984427414
595981583818
595984831922
595983674465
595982775773
595981664887
595985272742
595982983297
595984947540
595984962345
595981886861
595994202349
595981582758
595981374719
595982193330
595981446950
595972992046
595982430510
595992637010
595986806776
595991815755
595981710107
595986366280
595994811192
595981924841
595982895362
595985731030
595992403709
595984884516
595981615354
595982634786
595991684065
595991346399
595983966194
595986789976
595983942226
595981097574
595982889147
595984610797
595986176828
595983272089
595984190939
595981215567
595986662234
595984632938
595981011554
595992975921
595971710048
595991845473
595981855430
595981124874
595982969526
595981110998
595992992413
595982679793
595981529953
595973756392
595981256328
595981967389
595981396284
595975597042
595993389782
595985868493
595976157802
595984229469
595987307947
595972679355
595992297683
595982141866
595971886217
595982358611
595986271851
595981983067
595982109783
595981440208
595993288977
595983654317
595976223154
595992651505
595986705609
595961808706
595971746479
595986172830
595981526739
595982274552
595972562726
595992494733
595972394981
595986608130
595971227821
595983986501
595985892384
595972389505
595971941682
595983019442
595976655134
595982285811
595986580327
595971516530
595983135764
595992237506
595971873062
595992936648
595983987567
595991227339
595984978742
595981427553
595982582078
595981257951
595984162323
595981601950
595985481088
595972762642
595991333405
595994685861
595984738199
595983089637
595984493266
595994620354
595984783488
595981839782
595994819838
595993411426
595971156855
595982212779
595981668335
595984127501
595982754909
595971537711
595982910621
595992538739
595981457840
595984162514
595981280306
595971378493
595982462796
595994762439
595981776606
595972279478
595974119148
595983120964
595981457641
595972582521
595983705488
595981534251
595993280649
595981516889
595992921235
595982374363
595984576079
595981109342
595983369990
595984330044
595974512250
595972499453
595982986116
595991855933
595982220753
595976232989
595976961118
595981806505
595972822692
595985974523
595984171697
595976894919
595986424637
595974239139
595992853783
595984747377
595972975408
595974245110
595985314697
595994441569
595984671300
595972607690
595992888118
595985756815
595981543799
595981560364
595991989642
595983885950
595991700680
595982268247
595981490313
595981758406
595984881044
595994662322
595986976241
595971305883
595992440257
595985315216
595971853089
595961102003
595995601547
595974233883
595986182845
595981698623
595982924254
595986672487
595985259678
595981687420
595981117942
595986716868
595983044709
595984909851
595971271007
595973723880
595985962723
595995643190
595991768223
595971948413
595981458526
595972801352
595971553538
595984950110
595976753810
595982192570
595982038159
595992216039
595992628651
595982898401
595985916955
595994250679
595983414157
595981506739
595995641737
595991994888
595986791878
595986520165
595982579835
595992674611
595976111391
595986941885
595983933039
595981670061
595972778538
595981454538
595991758548
595992423039
595984144377
595991762361
595986785242
595971282267
595985945903
595991355943
595994790007
595984592328
595991457244
595981047751
595982428426
595984236211
595984103196
595984599955
595986191330
595983768902
595981493479
595994496499
595985763469
595976193978
595981132853
595984226802
595986730455
595993560500
595981228479
595982530200
595992758655
595986615239
595981927608
595982617362
595986618071
595994492299
595972715195
595982741914
595992293184
595986100732
595983420878
595985817812
595976518686
595986129154
595983120709
595972793809
595981329922
595983964324
595971627975
595984926288
595982694700
595972824526
595994947998
595986176017
595983708563
595993641356
595983623457
595991359719
595974400892
595983134863
595987285746
595984893668
595991290214
595976252164
595976853713
595995662640
595981480682
595983855026
595983188168
595985951239
595983285918
595993305262
595992876479
595991535615
595983380845
595976312317
595986832352
595984251716
595993302145
595981240625
595983790965
595973580661
595982469902
595984708858
595985415033
595976533710
595993563624
595971223395
595982127644
595971181308
595984340711
595983821273
595971912715
595984122294
595992691632
595976442701
595972996999
595972479758
595983860144
595976301384
595986244102
595985178648
595982571003
595993412680
595971216150
595985168770
595983002093
595992435763
595972494987
595982341535
595985912458
595985559812
595971627349
595972482403
595982537119
595981649436
595986639613
595992916312
595986877173
595983064634
595994353341
595986778992
595961438507
595983171345
595983485773
595971280176
595985823707
595971329291
595983759979
595972100848
595985584835
595984586543
595986746016
595985302512
595971723995
595972903169
595981806163
595994946913
595991278582
595976112569
595971710894
595971583790
595982173532
595984849305
595983462724
595971561770
595983083197
595992313711
595986441389
595992962174
595983409453
595992446015
595986503139
595981442842
595974218210
595984187620
595971729396
595982401710
595971658671
595985807585
595972215771
595986355115
595975980478
595976396952
595983503691
595992539705
595984922433
595994399911
595982562844
595971523327
595984114309
595986434707
595981474621
595972566825
595974456588
595981257311
595994962864
595986402347
595992439977
595993395039
595984636583
595991832138
595994202880
595982763225
595993374429
595986110353
595971577320
595981464242
595971406336
595981656333
595991596882
595986620513
595994104135
595985981439
595974611017
595981403462
595971724085
595994421699
595974277270
595994158560
595981007335
595983629029
595971909861
595992920598
595985826886
595984391652
595983127817
595972906411
595981449888
595981447227
595982357348
595984030671
595971886648
595974258078
595984840940
595982928527
595971502234
595991877565
595974440678
595983014776
595982603118
595973129684
595984864458
595983368093
595982284500
595991357567
595972394986
595983946092
595986839217
595981339530
595983222961
595982102338
595973661977
595983955469
595994214382
595992384061
595985146569
595992953054
595985993805
595983412582
595985323806
595992991761
595976122286
595991859307
595984493669
595991386072
595981895953
595972992451
595983055037
595992813477
595981385932
595981757502
595971793085
595981869891
595991771493
595994628335
595976513103
595971780746
595987106007
595994701086
595971792050
595981597429
595982403949
595972349855
595986945987
595993560397
595971243140
595972985852
595986894860
595982745377
595994674354
595991310102
595981686408
595993516925
595971132437
595986967357
595972173198
595986229307
595982383271
595983520239
595983339246
595992210593
595991899486
595985757403
595972788440
595992813788
595984323124
595986818295
595982195968
595991249600
595981236871
595981741124
595993251157
595983106556
595986506937
595972209829
595995637226
595992810610
595982858266
595981453539
595981630328
595982852161
595992937286
595985423800
595984398092
595981726689
595971897259
595983805086
595984899857
595991269889
595981554390
595991316142
595976136570
595984635705
595971864080
595961386973
595984840414
595981682920
595985401868
595981311768
595983994362
595986788050
595981740848
595994841850
595985323887
595991891344
595981275238
595972182340
595981177513
595984137254
595992938162
595994283684
595976235149
595981978943
595986119955
595981424679
595993529429
595986735251
595985880790
595981481168
595976572530
595993571397
595986183911
595981066092
595984890091
595982323500
595984279312
595971497062
595971351874
595982596453
595991829494
595971966205
595986820315
595984908865
595994115201
595976165705
595983565064
595993599974
595981281174
595984625313
595985168693
595982688177
595985493171
595971463604
595971977911
595994916869
595986860420
595981934315
595976338482
595992403262
595982544999
595981702471
595971612362
595981857114
595976525568
595972169750
595961892397
595982746470
595983298731
595982722844
595971192262
595992722824
595981697936
595984198353
595984424670
595985863109
595983181970
595994312821
595994220559
595971616272
595983981301
595982608701
595981590498
595986966770
595972557414
595985244713
595983736432
595981173886
595983302019
595983614415
595982541621
595983340294
595982093278
595971787987
595982934602
595981326936
595986726265
595984828595
595983701549
595972281811
595971117839
595971677856
595976221470
595971141266
595991468925
595992743052
595982733117
595974271390
595981364654
595995390213
595985210105
595994987581
595971995617
595984348347
595991898113
595982303568
595982352626
595982921291
595981643154
595981697957
595986309368
595982723319
595971292929
595986604560
595972861484
595992444548
595972202993
595985547446
595984003663
595982975980
595982241182
595991888979
595984827540
595981710289
595981652772
595981689466
595982471032
595981372842
595961375746
595985105917
595974665754
595994897466
595991226575
595971786974
595984182081
595981439388
595974238136
595982134787
595982388608
595974630940
595985358728
595962332526
595984916854
595981239910
595976156852
595982033190
595991749086
595983378762
595994388339
595961952300
595981771327
595971305527
595986124333
595982742810
595981309598
595986715239
595983775179
595984995211
595986227255
595982198286
595971877568
595983191955
595981569318
595971490001
595971120589
595981163092
595991619393
595974221421
595991691094
595992954005
595995356595
595991550024
595982507643
595981181512
595984774627
595991894533
595992997224
595982607137
595971394753
595976197044
595994840226
595992647891
595992386554
595991658437
595986675117
595981989682
595994385123
595987292060
595962351029
595986484512
595985867290
595972602291
595971586494
595983344656
595992315435
595981889321
595976322493
595986684046
595982692653
595982819442
595972432981
595972536891
595983240511
595995685466
595961709218
595981678622
595994542747
595983396388
595983427681
595971425963
595981107087
595992293300
595985414747
595985675260
595984740028
595972958444
595992435480
595971139100
595982828809
595972673325
595972748111
595982428288
595981891800
595994111128
595983707446
595983831896
595976237577
595981475983
595981979557
595991427928
595983254188
595971365643
595985348499
595983872008
595982588909
595982406441
595992430381
595992400841
595985734538
595985422253
595985951235
595971323321
595985337825
595986520290
595981984048
595994354506
595982253396
595971371363
595972342587
595993464429
595972884835
595981852478
595985976271
595972419597
595972648066
595985321673
595991849822
595981673016
595981263844
595981754800
595991453538
595991543117
595991281008
595976661357
595981894303
595981347132
595985727176
595982913276
595983233171
595982966648
595982886752
595984486474
595992674600
595992433358
595971677450
595983144421
595984173535
595971899173
595982815437
595983520741
595982186665
595983395398
595991430089
595994274703
595985916439
595983438306
595994827821
595971371521
595972699644
595972434284
595991228636
595984567374
595985924861
595981335895
595991213495
595986556434
595984136379
595971141645
595981702718
595986633419
595982407545
595994654321
595982642985
595983750895
595981484403
595982326845
595971884490
595981447651
595992239909
595983853227
595974659108
595994723266
595992976519
595985338111
595981541530
595981676093
595981864799
595994982947
595984433935
595971160451
595993581459
595986168540
595986830310
595983461822
595985384475
595984555248
595981219114
595981963998
595972744559
595982415306
595981454848
595972261267
595971356372
595982323123
595981994417
595971616695
595961154765
595982404090
595994704975
595981302212
595976992894
595972334150
595981061272
595992621745
595981140726
595982457092
595971575988
595981737358
595994481019
595985943973
595981784536
595981119075
595981256083
595982398961
595971875432
595993275414
595983165791
595986133060
595981132306
595982934589
595991690327
595976957866
595984177686
595981490574
595982016784
595991195081
595983121483
595981962465
595984928105
595984362111
595992319176
595985946954
595984145218
595971631724
595981769244
595971756808
595982809713
595986644903
595991768039
595982611970
595984223438
595972914121
595972671225
595983122276
595982153211
595981852202
595987308392
595982836567
595981503597
595982203884
595984790092
595982703779
595982436133
595991220358
595971914677
595983268871
595984821321
595971174279
595982167955
595961534004
595983331361
595983646496
595984839315
595972473573
595985901058
595984258947
595986463690
595983917833
595983487549
595986607240
595972713038
595974549509
595981766175
595981633543
595981976975
595981799710
595982511734
595971695326
595976157933
595982519060
595984135188
595972280748
595986698306
595981712447
595973889785
595981369948
595971746566
595995642745
595981194895
595987154454
595992876699
595971660978
595986552448
595972280712
595982036483
595983395849
595986126980
595983837252
595993313666
595981072082
595992434196
595991371912
595984521396
595981188713
595972906595
595983393975
595981606511
595982731932
595982906519
595984983761
595991611780
595982230720
595986546142
595972716434
595981544421
595972758875
595983102390
595991596528
595982774921
595984344390
595972645113
595984896890
595983302424
595971367999
595985291151
595984211381
595991857647
595971297356
595983273696
595976972385
595981097867
595992888047
595984327429
595982669912
595981403077
595982255549
595971545762
595984640649
595981449789
595982471000
595994177098
595991743619
595971544649
595985927868
595982955469
595985338472
595992478356
595981923431
595984994369
595961798434
595982759247
595971644212
595985697464
595994649940
595981962079
595986238532
595972705081
595987131040
595993413373
595971365529
595995626107
595984167716
595982176353
595991292064
595981416828
595981328893
595986449010
595972532976
595981764051
595981169919
595981310683
595981445136
595994302192
595982744197
595992410506
595981932258
595986654211
595981150934
595981295547
595971232350
595981234911
595983225197
595981947732
595975118654
595972626603
595983733900
595982827084
595991505264
595991200347
595984485919
595984474161
595982520806
595991612003
595974212909
595985409707
595974664998
595971261499
595982152882
595991185529
595976514712
595974250624
595983873954
595981599932
595971952139
595982900012
595982204455
595972452078
595992243831
595971925253
595971226015
595994639900
595986581874
595972753577
595982865071
595982170650
595992229684
595982139548
595972638901
595984856523
595986641483
595975318646
595984973587
595985306327
595984467366
595984183135
595972158674
595981593088
595982536670
595992807322
595983305277
595984857956
595987174486
595982539165
595961728675
595985963719
595982337057
595971541726
595993598282
595982433444
595976989162
595982815794
595981847335
595985163268
595983153259
595993468096
595994763610
595982160651
595995629851
595981530017
595971563184
595986444779
595994834953
595985450957
595994401011
595981421100
595961320436
595971743947
595986358796
595985322782
595992363763
595974904844
595994708966
595991928616
595986286912
595991817296
595991904136
595984120188
595991790253
595982906359
595985286397
595992484427
595984257665
595991493175
595992789741
595992373059
595986571154
595983328340
595975262542
595985575200
595984336713
595991606721
595982151782
595992566564
595971862023
595976663816
595992737561
595971619392
595971139768
595972208564
595992937636
595984497565
595986413403
595983457738
595981193991
595992923196
595994777211
595981286580
595986611578
595984676050
595992213816
595991226215
595994964212
595981728801
595992243847
595974759631
595991893384
595981780645
595981388096
595991338163
595972170747
595984168940
595974142670
595985288071
595983728708
595984952737
595981297709
595976976856
595994488997
595972427534
595992761930
595984884242
595984823843
595991587909
595983945811
595981624950
595981287731
595991689332
595983063550
595991732979
595976326584
595982454337
595983773265
595982329931
595981560918
595983755143
595981806778
595991186888
595991943103
595986478928
595984376926
595986806785
595994952348
595983678687
595981548378
595986733749
595983867841
595971913423
595983914692
595983606305
595994136547
595982480021
595994489732
595991255538
595984495136
595994709500
595992749646
595971344093
595982769153
595976234109
595992481273
595972888737
595981864816
595972647865
595983495417
595983928133
595971265825
595985127066
595992205333
595982771701
595971374871
595982162417
595991899112
595972943435
595992982847
595992737085
595986867645
595984838879
595984570350
595972472631
595986330422
595984401944
595971750860
595981891250
595992805661
595986294820
595983810506
595991545146
595961357214
595976998845
595983981324
595982489064
595982122181
595986825938
595982217668
595976252437
595984467517
595983426118
595975277538
595991356335
595994496310
595972547202
595991612158
595971863101
595984646750
595982054364
595984741791
595971773131
595991735243
595985876407
595971713279
595981481383
595984730334
595992346007
595991203008
595992302814
595983375873
595992890618
595986235280
595971876662
595971422617
595982494785
595985350971
595983302023
595981512096
595981305456
595985613832
595983773235
595983151098
595986182932
595981342894
595981545418
595975963492
595993549575
595984421969
595994844279
595984286177
595994621321
595982612931
595991901253
595981258649
595985985646
595971355123
595983900037
595984441583
595986878244
595983292581
595985769428
595991658790
595983364357
595984426297
595982164918
595992330324
595983370210
595971273276
595984921903
595981135107
595981602906
595994205374
595981639534
595985802297
595981871411
595984252112
595981502223
595984756957
595975632663
595972824342
595972416286
595972675044
595992589262
595986333151
595983442413
595986229600
595984691002
595983342200
595984579606
595971144863
595981253517
595991873302
595984519802
595984959818
595982014767
595986462578
595984990000
595975638291
595981183896
595986906030
595971351748
595983358726
595971965636
595972985348
595983346191
595982913794
595972699605
595991929686
595982176837
595994615951
595971866660
595994715515
595986858147
595991659589
595981278380
595985254166
595972809850
595981629866
595994289827
595981170859
595984360996
595985872344
595991212495
595994429495
595981751276
595982587616
595981257864
595983436986
595981449910
595986396767
595991891686
595983494469
595972753513
595972380616
595992545523
595983111842
595981833222
595971123174
595982485818
595981984328
595974259907
595984576187
595992635221
595981771923
595982790095
595981319391
595981894489
595993533172
595972744975
595982671694
595971586527
595972132490
595982170022
595986643062
595982989164
595982737931
595994557047
595983777173
595981500372
595971150700
595976148809
595984655624
595982458166
595994907864
595982832250
595986986051
595985352224
595992831213
595986275703
595982549008
595983213631
595982168290
595972215000
595971381661
595971577938
595984320291
595981375444
595994205489
595981324266
595982376254
595976334581
595991469434
595984194734
595974219302
595981338128
595991911683
595981080626
595984646712
595991783013
595994661839
595985180171
595983320181
595981693536
595985847578
595991659711
595986948880
595982401570
595982150086
595972308900
595986949251
595981198937
595985562961
595981645832
595971537717
595986107955
595985190769
595992929211
595984192475
595985339164
595971920763
595994647646
595983451788
595985867073
595991919993
595972602758
595991206491
595987120707
595972397332
595983602728
595984617751
595991476276
595991248359
595987165489
595981342525
595984513983
595984451494
595971237221
595983599512
595994281751
595985963833
595985168076
595983110708
595982347744
595985569392
595981124571
595991472593
595983127215
595985577815
595981978862
595981187992
595971267058
595985255452
595981173634
595973589414
595976908639
595994104404
595982562064
595991381078
595987317887
595981444840
595972195598
595985257218
595981330699
595982465633
595991477417
595985529874
595972642367
595972732182
595991758033
595971755875
595986659222
595992427612
595981139270
595981113570
595986613147
595985806712
595985743050
595985308308
595985763595
595983010648
595984407142
595992206907
595981383094
595992709840
595984908264
595992684915
595991302453
595991681416
595984110209
595984395973
595984080203
595992543996
595983710793
595994136540
595971127596
595971299545
595991595823
595981383340
595985504049
595992876199
595981794967
595991961582
595993497085
595982960646
595983360857
595986390774
595991653649
595985275150
595992475044
595992912403
595994889441
595985395273
595982340135
595991643357
595971297344
595986515284
595982635103
595994128308
595985663170
595984017117
595984071909
595982357995
595981964011
595984856283
595962325327
595976485056
595986378412
595982459463
595985470802
595981569908
595985132361
595986632091
595992420146
595992411228
595985261085
595991309779
595981854404
595972333380
595981650486
595985486661
595981137583
595981768190
595982122592
595971656312
595972605788
595991770066
595971370607
595984371523
595982278664
595992643361
595981338992
595982344636
595985359597
595981341615
595983827960
595972398116
595986670151
595981939025
595994543603
595985265704
595993305861
595972884230
595972270671
595982309347
595986905890
595983319319
595994500161
595984215877
595984526770
595983343042
595981773789
595981357263
595986103233
595981437155
595971509887
595981439299
595994115536
595981769920
595982826214
595981506040
595986878078
595981445035
595983181943
595991482448
595976105338
595986123670
595984448580
595982133419
595981361074
595984785035
595976861773
595981410721
595992788109
595982168416
595984734060
595986923476
595986321580
595973579814
595972262277
595985585328
595981893422
595981366603
595982729530
595985580422
595983156607
595992481207
595972543650
595974207508
595984513032
595971612948
595981505669
595995687004
595972615133
595971638272
595984195411
595974232748
595982565231
595982783530
595994342074
595994682093
595975290677
595986242315
595976582908
595983413455
595983952299
595984364309
595981805387
595982984140
595983040699
595971680807
595972706757
595994727096
595982709310
595991885469
595982444298
595984261147
595981895717
595983757021
595981292786
595981646689
595984762072
595984779915
595982129867
595983464052
595981620617
595981909547
595976967291
595984620833
595971786846
595981138469
595987358957
595991915161
595984012949
595981668264
595991258462
595976929727
595993587704
595985408802
595985828694
595981838542
595983389010
595971927562
595991893719
595991804388
595983292527
595982936514
595986303707
595981760717
595981684556
595992800700
595985193392
595994558066
595971796269
595982149160
595972736270
595981843235
595981903699
595984658754
595983130707
595972546603
595972693723
595991271768
595972571643
595971166250
595992386382
595986965045
595982562947
595984755460
595983387106
595982397639
595986963383
595994836494
595983597113
595986913088
595983421124
595981913209
595971864086
595984355049
595992859636
595982697659
595993418246
595984782646
595982612588
595984213874
595976535405
595971694640
595984193860
595992723713
595986226186
595961966619
595994720801
595994209758
595986513358
595991601479
595985582341
595986833025
595986302200
595983789067
595972626125
595981385509
595991212293
595982658686
595981520911
595982393131
595984496958
595984890684
595982740538
595972881598
595992981888
595983601722
595972171640
595994580114
595986552243
595981843727
595981677653
595984351958
595981122710
595984830278
595994356983
595981727313
595994273133
595993380012
595992669946
595981535248
595971271076
595984321501
595983495079
595994625888
595986214092
595991664242
595972913473
595984966218
595981578584
595961675113
595981495118
595983867973
595984522465
595981425176
595982739745
595984503223
595991379139
595991974771
595984186449
595984399343
595975531465
595981929386
595981530142
595984629271
595984422693
595971352406
595984778978
595983446580
595983842467
595994418667
595972551408
595976914287
595981487098
595985913562
595986844276
595981544040
595992532501
595972961929
595986104860
595984179880
595994711938
595961314782
595985283454
595991589829
595974241898
595984936639
595985388463
595972625632
595976665135
595981110865
595982702116
595981507359
595981465250
595983304874
595972496468
595983488836
595984779593
595991482493
595984198754
595985806326
595961767149
595981456589
595984202447
595994836620
595981605737
595986855437
595972919898
595986647788
595972402906
595982110976
595984635226
595982297848
595972495173
595994317691
595984544439
595981252197
595981116903
595974896087
595981526669
595981864307
595984882075
595992281029
595991694711
595992235902
595981183071
595981894739
595971496250
595992341411
595982394218
595983674269
595986962172
595992347788
595992853621
595984813945
595981171891
595992329446
595994826176
595971832891
595971214099
595991937416
595983452538
595994152700
595985909324
595985942746
595972482955
595971570617
595982638431
595986177335
595982759999
595982178096
595971192263
595992999294
595986315893
595982147787
595986897238
595982245172
595991734514
595981440777
595981914446
595992410998
595992358968
595981648372
595973153842
595995626764
595981172632
595994496771
595971606303
595983597117
595985439561
595971270391
595986936245
595982918297
595981906213
595986166485
595984610000
595994902000
595984850242
595985630042
595981602874
595972691187
595971731882
595984326728
595991565108
595971934267
595992367305
595972583333
595986202404
595982897644
595992400709
595976867821
595985339170
595981332307
595982094543
595981804927
595983404359
595991872317
595991731661
595992462795
595985181237
595994641477
595973876868
595991344987
595992429426
595982694134
595992296832
595983897114
595985167317
595972693533
595971879931
595984188373
595982614520
595986877633
595986674807
595976506452
595984953714
595983706564
595984397598
595992262581
595982503163
595984851055
595973874715
595983246117
595972494092
595981848411
595986623889
595991401448
595982305683
595984993518
595986584215
595986526740
595986215202
595994730005
595984190040
595994203050
595985831995
595971111289
595985749808
595985292431
595982370660
595984750993
595981001386
595985110954
595985941863
595994201162
595986238375
595984339451
595981243018
595982000977
595972184764
595984479866
595981759853
595981256523
595983477930
595991529783
595981782152
595982577242
595982927032
595982471632
595983617045
595974712657
595991824993
595982517697
595982358378
595971668166
595981727920
595982674591
595976128198
595992401583
595976815431
595974836140
595984936901
595976555802
595984415889
595971999952
595982501950
595984798942
595972134956
595985341677
595984934973
595991694532
595971590354
595982144715
595984286083
595992936440
595986338577
595971168538
595991506630
595985894410
595981529879
595994832241
595972709777
595971575089
595993564910
595981163921
595981846908
595985983594
595994340255
595972564309
595984712299
595987317506
595976159435
595976686288
595976387008
595986431463
595972460435
595982768162
595986461151
595981699758
595992446615
595976529702
595986984605
595992214359
595985763518
595986521048
595971314523
595986602409
595981771081
595982588028
595983864285
595972623938
595985834008
595986816422
595971629978
595981213144
595986636297
595983098762
595994357492
595972552271
595982887440
595985903057
595986446624
595981648240
595983188505
595983745364
595986458732
595982481166
595984514482
595992255623
595982450834
595992384634
595982778595
595993251836
595986816464
595972839090
595982956676
595982143230
595981888948
595981804757
595986111979
595982186008
595985878959
595982025730
595994395989
595961446915
595991547429
595982534618
595983890669
595982265274
595981245148
595981686157
595981976943
595982326265
595981598780
595984038659
595993287373
595975633689
595972497108
595982117483
595985460873
573239738645
595986509965
595982503522
595981095029
595972394190
595984902875
595972596522
595983427909
595982543265
595961646566
595991265953
595992744646
595981829691
595985875291
595985810874
595961883285
595983663179
595984127535
595994117577
595985596640
595981373544
595981481517
595987123877
595985473086
595975485622
595971740310
595992872157
595971980195
595992304537
595981407055
595972978401
595981320010
595972333131
595986268266
595972586717
595985691368
595994691058
595971519261
595995392485
595985618709
595982592330
595983379750
595992541579
595992590422
595985812324
595972663602
595985242972
595984905876
595971786953
595981328002
595981282826
595991908036
595981883077
595984204067
595983352026
595982246550
595984841679
595982307331
595982870119
595982241656
595983440186
595981953624
595974234446
595985685986
595982141452
595991650450
595976685124
595991255863
595994152576
595994721959
595987228563
595985153840
595981272884
595982975276
595992758731
595972896807
595984162439
595993372883
595983557902
595982274001
595981872552
595961633004
595981193595
595981607369
595961767041
595982751093
595981354153
595971103830
595982184325
595991224379
595991598812
595986686932
595981295392
595981956927
595991994038
595982203534
595981575703
595972781102
595981868802
595986416272
595961935487
595982791817
595981820632
595981124506
595961156896
595961481212
595991708922
595961820844
595991368363
595982157908
595991423842
595982184325
595983373717
595985892070
595961923463
595981203809
595985574133
595991925919
595972546924
595985220612
595972121153
595984624184
595971314874
595984553100
595971231697
595984663433
595971433205
595991996436
595986917744
595984985424
595972969516
595982159801
595985650390
595984798646
595985410216
595981534798
595981054023
595982434048
595981455442
595982430519
595984679674
595984946448
595976486490
595983155723
595992978404
595971962514
595991535530
595985503738
595971229099
595982938903
595986752370
595986113688
595982207420
595983666672
595971867965
595981965479
595982315848
595985275877
595972202257
595972930308
595982466103
595976105897
595981883116
595991682949
595985391980
595994317472
595986283350
595992467244
595985871921
595981284741
595981097397
595986726500
595994906182
595981244131
595982380911
595983700980
595972694814
595984399009
595972975046
595993382218
595985839998
595971385239
595976926959
595985500504
595986828879
595981394738
595985478179
595981410498
595986308434
595992436330
595981958686
595985582351
595982951493
595991266159
595983377745
595983334813
595971884009
595972240847
595985661581
595983657796
595992868228
595994137399
595973830280
595994965138
595981954533
595983819226
595983543011
595994271649
595982226812
595983211739
595981306269
595971931594
595985272334
595985583739
595981915591
595983169274
595983377230
595972948083
595986714540
595985126555
595994121908
595986320024
595985423493
595972917097
595971211004
595994600988
595984398843
595994383938
595985685640
595982923225
595972623010
595962187000
595983696711
595986726802
595971563712
595983119907
595993537836
595971489974
595991651660
595982140482
595976392333
595971477805
595981907657
595985311386
595971368597
595983400227
595981576060
595972899069
595985136049
595985536498
595982910261
595986508075
595971900882
595972299426
595985562210
595991230693
595981911153
595982600669
595984536194
595985500190
595976989470
595961813434
595992319475
595981094495
595994758466
595986338832
595981239166
595976357866
595981145219
595986111537
595972400698
595991458126
595982496072
595986232048
595976314608
595984854857
595981655775
595991876754
595983533376
595986408339
595971785697
595984822282
595986227776
595972740690
595991701434
595994105696
595983040222
595981831127
595983113368
595982914027
595984656517
595984432767
595971412155
595961674547
595991227634
595986424603
595985980410
595984245921
595972274550
595986871213
595984043801
595971515989
595982837938
595972874857
595991849735
595972718198
595981631063
595971305774
595961968368
595975773741
595973432940
595984886528
595983729187
595984468029
595983900085
595986138821
595983869031
595984802496
595982615647
595981666424
595986552472
595986378961
595985534129
595981926341
595985553924
595986287241
595991822989
595986204589
595981166265
595992264077
595994739724
595992877213
595981927022
595983403268
595983436019
595983388320
595984297700
595985200731
595981761579
595992403965
595972682565
595971928545
595984398506
595985929905
595982393474
595992832423
595991196591
595971118630
595985649767
595991652316
595981007437
595992738818
595991906414
595981299040
595982170009
595971676480
595991927682
595983443781
595981106872
595985850198
595972114028
595971961414
595981388652
595992492096
595986443629
595982294185
595984806542
595982436259
595991747067
595971780873
595983948553
595972764465
595986644652
595981675093
595983702972
595982684164
595984957331
595986978172
595983091491
595971485463
595984766943
595982722141
595982254550
595974286162
595986276150
595993616858
595985659883
595971376859
595986181012
595982189871
595971530077
595984936461
595972284241
595981528370
595994221180
595982484608
595972642502
595983803411
595984415014
595972804907
595985382321
595983462075
595986749268
595986110941
595983281877
595981255191
595983752811
595971922424
595971625938
595984296879
595971333639
595991699768
595982836193
595976119828
595981213754
595986648108
595994133001
595971138493
595985587936
525623827752
595983571378
595983823391
595991576070
595971292975
595994836725
595972773148
595985662224
595982719491
595971858607
595971700330
595981976328
595985232364
595981823569
595981601503
595991677533
595971754692
595985162525
595991656868
595992664160
595991714061
595982008641
595982844557
595983329698
595991989128
595986818668
595976758954
595971913656
595985351947
595994542549
595983858161
595983323232
595972716620
595983616697
595981612632
595983437207
595981333541
595986549160
595982887811
595994286867
595994498063
595985900011
595982472215
595991273215
595992581168
595971957271
595982056196
595981317232
595972916426
595971996673
595986825463
595984562754
595991690387
595981190822
595993358795
595981666316
595961868124
595981290933
595981626181
595981883240
595982601005
595982835291
595971506547
595983669393
595984513903
595984749795
595984819883
595984986172
595985174642
595986259946
595971852070
595991879100
595992249929
595994137660
595992426438
595994157995
595994169090
595994423515
595994875554
595971330949
595971932015
595971957071
595972163805
595973832577
595976323091
595981203927
595981957742
595985266133
595972759562
595971109413
595981227764
595975186644
595983587805
595971914155
595994950397
595973641977
595981574558
595981860209
595992387113
595982108413
595982456298
595985222181
595994840935
595971899386
595976657001
595961812343
595975390810
595992649973
595984731368
595992814100
595981359397
595994108986
595986819531
595981169924
595983950733
595976565780
595982440636
595986315965
595975579498
595992330016
595981492291
595972495803
595986692540
595983356837
595986530132
595976754627
595971405485
595983203898
595992803037
595972300900
595982687713
595971362555
595971760629
595985797448
595992788440
595983339030
595985827815
595983157738
595972489302
595991774111
595992253719
595974567487
595972922945
595972624004
595972785284
595994155153
595992405847
595993329967
595982913136
595982455936
595972136644
595971325797
595981725246
595983473380
595985211199
595991245399
595971724725
595981333291
595974903828
595984948625
595992712015
595984530330
595985713431
595986549033
595985196863
595982457327
595972889726
595984966718
595985698192
595971798445
595981866139
595991487193
595981265743
595991763289
595972813106
595981363083
595972407980
595981125542
595976122316
595981440414
595991508056
595987282275
595983935487
595991658896
595981786351
595971893457
595981670302
595991447899
595994280473
595984836493
595991730871
595972940730
595992933618
595981334325
595961994032
595984449437
595982645568
595985388313
595992212228
595984920171
595992469320
595981704544
595994718440
595994603951
595992387407
595981311449
595982484683
595986357250
595982449145
595981712373
595981422716
595992704207
595991858080
595984635382
595994200414
595991546209
595991719871
595993333000
595994160614
595981673931
595984987541
595981377546
595987314592
595991671010
595974742181
595974742183
595975928519
595986476560
595982612415
595983868950
595985486250
595985872785
595985507726
595985540249
595972525600
595971919264
595981554712
595981670316
595982434213
595985826210
595983417773
595982383895
595986800338
595971748814
595984937331
595985720829
595982474728
595986252398
595984259397
595992860378
595981168590
595982923146
595984411903
595983345106
595982250557
595971610189
595981300469
595982546071
595985986601
595983546399
595984306504
595981871188
595983711030
595986132765
595982102002
595983847949
595982107808
595972875764
595984316781
595981923485
595992877514
595986908127
595974501077
595984278759
595986918067
595981753171
595981217526
595971125108
595982782243
595994666665
595971398201
595991323737
595985707772
595992598928
595983815620
595985911068
595981974434
595994258184
595984939280
595994127558
595985218776
595982914817
595981297222
595991995742
595981161378
595971329900
595981428531
595985656436
595993539230
595985711211
595981285000
595994309208
595983735544
595984800503
595994877911
595976928239
595994903460
595986608797
595971584121
595991801889
595974552765
595992280064
595991261967
595982468642
595984547444
595984724479
595962341594
595972186935
595981517653
595984523168
595982914145
595986523153
595994441309
595984507346
595981659282
595991362280
595971764489
595991906437
595973559193
595991850164
595992993229
595976972199
595984538558
595976534078
595981357802
595971990620
595983829101
595985406006
595985273693
595983259544
595982827418
595983290687
595984637061
595981261514
595992829630
595981640851
595981170307
595974454435
595981148249
595971867928
595982006605
595981373793
595981734181
595982838914
595984952704
595984293384
595991268728
595983022009
595982861211
595986390533
595985489949
595982753286
595981427530
595972137246
595971620999
595981482855
595982994369
595972803216
595984248699
595971275060
595993592478
595981731396
595974227145
595984879869
595994443210
595982225060
595986863005
595982111635
595984989167
595972881548
595984793049
595982327126
595985386452
595984861700
595985773452
595981523391
595991749072
595986886996
595972394418
595982208862
595983752040
595984304420
595991429995
595981927972
595971165800
595985800713
595982357684
595981766399
595982875320
595975243720
595983914116
595972281434
595984415321
595983393890
595982290791
595986314573
595976980539
595984639382
595972700110
595983729290
595982660127
595991710669
595971932734
595982108777
595986700718
595994551175
595983395612
595981705782
595982699500
595976113804
595961318700
595981590902
595982521262
595985770703
595961369238
595984542185
595991963944
595983897831
595962333222
595985889317
595971679127
595983958000
595982285885
595983121537
595994626414
595961662769
595994621415
595983537804
595971906162
595994287781
595972556850
595962331699
595981670456
595983777353
595961364747
595984518754
595972855214
595983734563
595986698149
595983906225
595985891245
595982906117
595984350399
595971968235
595983482617
595991312733
595981464331
595992541175
595981474815
595971266344
595984589981
595971763043
595961815951
595991701700
595991995830
595962124994
595983712865
595972154601
595972488591
595971633289
595985943030
595994787399
595992215152
595986877320
595981241800
595971170970
595992440326
595981266923
595982450893
595991886801
595986891978
595971502638
595991452673
595993565084
595981776232
595993350113
595976119642
595971647853
595975960934
595982900820
595992937335
595981245695
595991918070
595992542513
595983617163
595993255169
595983912611
595982768410
595982815545
595984143219
595982074540
595983059359
595994909564
595974608429
595981837735
595985970000
595986855579
595972758312
595986109583
595982850670
595984472657
595984493100
595985499398
595982787681
595982405409
595981914324
595986486977
595983337809
595986638163
595961355138
595982780916
595976389741
595974322474
595984675555
595995600084
595982747166
595972309191
595994446012
595982673274
595994312686
595983978066
595985453371
595976958558
595982101060
595971247943
595994678851
595984179345
595971892890
595983478388
595983553579
595986146161
595994266732
595985426942
595981119338
595981517250
595992248389
595983827796
595983458755
595972139932
595981916783
595971965114
595971131126
595981706790
595984744314
595992855052
595984942243
595984106425
595986122255
595971241957
595983356104
595991211433
595971307030
595971301665
595995630951
595974115453
595972207994
595992629746
595991432957
595973566713
595985651267
595981235157
595982285147
595985733891
595974240283
595992654804
595971719879
595971304568
595991220542
595994546643
595986127232
595981295052
595994122721
595971617931
595985821369
595985822882
595983115061
595981280186
595986872287
595991972777
595982513095
595993373103
595984383001
595992645595
595971578958
595971753217
595982585655
595981543177
595983189795
595994981021
595991542294
595994315444
595983824618
595972776580
595972275094
595986190747
595971632820
595992426479
595985576189
595986129154
595984121703
595983352920
595984690167
595983541369
595982806964
595986646889
595991995779
595991887195
595991889967
595981839069
595974287871
595972709996
595985331909
595971517900
595976486091
595992988160
595983223708
595984885194
595971945904
595992931193
595974264160
595986643635
595971641282
595984576524
595994399916
595991787836
595991337917
595984968252
595985648129
595991885652
595991245892
595972609600
595976804768
595961940005
595982601004
595994980370
595985647637
595984439332
595982813414
595984331537
595985261086
595991513716
595982590259
595986688850
595981446603
595971124482
595971178820
595993535969
595961861403
595981284857
595981843869
595971390664
595994440737
595983047884
595983474291
595994144877
595994607840
595983384119
595981728919
595981472324
595981963722
595974281880
595992460956
595982572118
595985191558
595961382785
595984730557
595971317413
595992543713
595984154955
595971632009
595983133654
595981878884
595992297375
595982647318
595981964566
595981009112
595993563583
595984817469
595981297597
595984217575
595982577424
595994677443
595981839045
595991443496
595985545804
595975290130
595549111650
595974248822
595984958334
595549109118
595971968662
595982720772
595982245711
595982615647
595984740465
595991217808
595984646697
595982425602
595984186313
595972308516
595984723903
595972752491
595984257665
595982244448
595994142108
595994839453
595972744975
595986906030
595981556836
595994682490
595984445536
595549113543
595984707021
595983880013
595981115240
595991866881
595982623027
595549371744
595982489064
595982292810
595971919480
595983479018
595992992765
595985425092
595981579671
595983611429
595992288081
595981780233
595982783427
595972505199
595991282736
595983812009
595984617881
595981633940
595981503255
595981292270
595991353387
595973555481
595971373296
595991400623
595972859440
595994886441
595983607423
595554799366
595971269226
595991529783
595971227665
595994211691
595992525887
595972651288
595982681535
595986930314
595984608119
595549343137
595976230006
595981637423
595992464302
595992431241
595981834129
595982412467
595991232114
595981541286
595994209839
595971168451
595984787350
595981319893
595982562844
595982953819
595994153229
595986472035
595986384932
595991232052
595982943335
595991907546
595993580512
595971735563
595983580106
595981374518
595992781111
595986141809
595972444171
595985748680
595972166257
595972552357
595986799821
595972101020
595981945551
595962324734
595972956397
595984294500
595962121934
595549371779
595981719240
595962118880
595982461018
595971737682
595972579028
595994714469
595992386382
595991667892
595981487953
595971536960
595993574913
595992551219
595971286466
595984618435
595986606866
595981306769
595986836628
595992812709
595981399495
595981325331
595971612093
595984812454
595982536081
595981607319
595971943232
595991624987
595972863861
595981915515
595983944251
595982221269
595981922157
595994928962
595971103950
595981479552
595994113376
595983937054
595984140430
595971888551
595982171715
595983152428
595984793258
595976321165
595991243187
595991479671
595972769562
595981286133
595981809304
595973505908
595986768723
595984612172
595982653389
595986416357
595971192969
595976662654
595992433358
595982611466
595984378748
595982758656
595984105514
595986136807
595984276298
595976119950
595981554481
595983441444
595991210280
595985154486
595981509650
595982161199
595981167774
595983986501
595994853033
595972549458
595991328495
595984644259
595981119893
595976868293
595985101052
595982808374
595983420918
595994220097
595981289491
595991338000
595982600287
595982463682
595986170581
595986858093
595972160600
595981523371
595972888080
595985874975
595981906098
595992583541
595992221656
595992520763
595985731630
595974888485
595984887609
595981884328
595983453030
595992661756
595983155511
595991987352
595986818295
595981804510
595986787622
595981664499
595986541429
595983735812
595971171326
595982564773
595983462644
595992477560
595981812092
595986228430
595986402352
595991219956
595986182932
595981070224
595995601985
595982270549
595975656250
595971981784
595991285121
595985621631
595983400227
595976982889
595986665301
595549116442
595985729626
595981187857
595985375074
595981882272
595981353006
595983563921
595981443887
595991477953
595975256191
595981351533
595994637062
595971942363
595991825802
595549115385
595985614336
595984145218
595984998864
595971932095
595992955980
595985430970
595976132503
595549362321
595994222814
595971740677
595971854462
595981772374
595992381258
595972924627
595972971709
595982849672
595992801087
595982510122
595984719291
595983332087
595984097051
595992679900
595991587909
595972517091
595992857052
595982347009
595981516720
595984613606
595981597808
595981726483
595982941772
595992411228
595985825922
595982356832
595981528261
595992312729
595984316781
595983464413
595986758614
595983087731
595983257499
595991834379
595983989212
595971632798
595982596901
595981838079
595972179483
595984114178
595549375353
595993589965
595982294009
595991402685
595984693485
595962287288
595983090784
595984726097
595986341239
595981496255
595972803480
595981593843
595549379018
595982595027
595984720933
595991204341
595976103224
595981606083
595984681618
595983396336
595982438629
595972333380
595981356465
595971635441
595986892451
595981235603
595971875130
595983135598
595982346838
595961813633
595982795196
595994278768
595549108684
595982849885
595983901597
595971917979
595972900530
595982403538
595971303400
595984179058
595991647643
595982623803
595986664344
595972542275
595985828881
595984370265
595981639374
595981213428
595981515269
595976393277
595992879077
595986446256
595994980820
595982627087
595972573573
595972173925
595982723364
595982187708
595971611101
595973799028
595971241211
595982555249
595994881707
595985691548
595982649005
595986761153
595983280661
595992914210
595981295849
595981410132
595992347968
595971761551
595991417579
595981224812
595994680846
595981988594
595991707155
595552794139
595981211187
595983663179
595984689143
595982691967
595981281838
595991920980
595962326922
595986846843
595986669030
595981504918
595971255300
595981548325
595982118543
595972501663
595981445409
595981600104
595981953720
595992283146
595549115145
595971975498
595981907297
595971228675
595991711606
595983882113
595971835652
595982676625
595994760292
595982336237
595554499295
595984917345
595982406362
595986828879
595972106423
595982813526
595981449480
595972261494
595981435871
595981119711
595971769073
595991417638
595971289968
595984810669
595985695888
595971160461
595982233549
595982227684
595981156342
595971825562
595984399442
595985453000
595971329732
595984236018
595972721425
595985198501
595976115179
595971857481
595984838557
595981461087
595981486429
595971722294
595974919747
595981852528
595216170000
595991995347
595986224697
595985193476
595984226922
595986517701
595994416921
595984049730
595983350500
595982721999
595985302331
595981410310
595994310940
595986743664
595549110249
595986421314
595972687467
595992480763
595994344359
595985222492
595992863225
595986866758
595983737987
595983565911
595984316781
595991752266
595986235280
595994496310
595982740538
595982315698
595991356335
595961794250
595986660403
595986299829
595991653210
595976328472
595986685415
595985888000
595981227320
595994445330
595974599961
595994706713
595549114151
595549115471
595982249308
595992780941
595991181481
595972510229
595983115193
595991685214
595976596011
595982240900
595971671816
595981452645
595972818526
595992953051
595981626166
595976406599
595981224140
595984278992
595981166630
595986788684
595972555373
595985143769
595982357769
595983035160
595985576189
595982126698
595971424507
595992638991
595981827228
595985261086
595986108875
595981635734
595992288758
595992822291
595982273828
595981533828
595971305758
595972107412
595961944796
595972776940
595985552089
595986600717
595992307389
595984976673
595991736009
595981235614
595982743812
595981625199
595991676200
595984145886
595982222460
595971256866
595971962912
595972508686
595976111391
595982473707
595981637874
595984579187
595986825703
595981529843
595981594767
595991229611
595991822782
595976539493
595985705392
595994966918
595985664421
595984479768
595984992353
595994967348
595986836321
595984439306
595985779124
595982937404
595994598847
595971191735
595991907546
595983182130
595981811888
595982321606
595981252818
595983897414
595993571072
595986589386
595984894306
595976962814
595982363548
595976320927
595985792648
595971510833
595991332768
595992548176
595975318287
595976978977
595986718369
595985369080
595987272560
595992717484
595992378344
595992584907
595992426020
595982721517
595992835285
595971724124
595994915865
595994282030
595972341493
595972720330
595984124892
595981073228
595984095799
595981956709
595986435174
595993609397
595986765600
595983007958
595971863984
595985439051
595991326591
595983842385
595982222249
595982731709
595976950893
595993301851
595961610907
595984541110
595981541739
595992362764
595973205304
595991625435
595986873692
595983659165
595972564122
595975649508
595991739884
595981339257
595985393734
595981484489
595984677791
595972557936
595991294283
595974207075
595982659845
595994143005
595992658611
595982627983
595972174685
595991506901
595971266354
595991504618
595994649774
595984222577
595986680247
595982917144
595971558551
595991943279
595981229484
595982587753
595982441324
595974569040
595994280031